4294967278,225
4294967278,315
4294967278,309
4294967278,387
4294967278,307
4294967278,56
4294967278,54
4294967278,53
4294967278,45
4294967278,43
4294967278,42
4294967278,41
4294967278,40
4294967278,38
4294967278,37
4294967278,36
4294967278,35
4294967278,27
4294967278,174
4294967278,88
4294967278,24
4294967278,23
4294967279,75
4294967279,540
4294967279,68
4294967279,323
4294967279,298
4294967279,61
4294967279,539
4294967279,50
4294967279,44
4294967279,41
4294967279,39
4294967279,38
4294967279,35
4294967279,13
4294967279,173
4294967279,172
4294967278,169
4294967279,332
4294967278,168
4294967279,168
4294967279,55
4294967279,167
4294967279,322
4294967279,166
4294967278,164
4294967278,161
140,6
4294967278,163
140,5
4294967279,163
140,4
4294967278,162
140,3
140,2
140,1
4294967278,39
4294967279,159
4294967279,158
4294967278,157
4294967294,420
4294967294,1172
4294967294,398
4294967294,466
4294967294,111
4294967294,116
4294967294,411
4294967294,405
4294967294,460
4294967279,156
4294967278,44
4294967278,342
4294967278,384
4294967279,36
4294967279,149
4294967279,148
4294967279,289
4294967278,148
4294967278,147
4294967278,34
4294967278,385
4294967279,144
4294967279,288
4294967279,143
4294967278,143
4294967279,142
4294967279,532
4294967279,141
4294967278,141
4294967278,140
137,5
4294967279,138
137,4
137,3
137,2
137,1
4294967279,272
4294967279,135
4294967278,135
4294967279,134
4294967279,133
4294967278,360
4294967279,286
4294967279,267
4294967279,279
4294967294,1418
4294967294,182
4294967294,996
4294967294,1015
4294967294,173
4294967279,283
4294967278,272
4294967279,277
4294967278,393
4294967279,14
4294967279,548
4294967279,261
135,6
4294967279,263
135,5
135,4
4294967279,262
135,3
135,2
135,1
4294967279,331
4294967279,256
4294967278,279
4294967279,255
4294967279,330
4294967278,261
4294967279,253
4294967278,258
4294967278,257
4294967279,520
4294967278,332
4294967278,330
4294967279,517
4294967294,1420
4294967278,329
4294967279,516
4294967278,254
132,4
132,3
132,2
132,1
4294967279,280
4294967278,328
4294967278,253
4294967278,251
4294967278,249
4294967279,544
4294967278,247
4294967278,244
4294967279,244
4294967278,242
4294967278,392
4294967278,240
4294967278,234
131,5
131,4
131,3
131,2
131,1
4294967278,232
4294967279,231
4294967278,230
4294967278,228
4294967278,226
4294967278,224
4294967279,329
4294967278,222
129,6
4294967278,216
4294967279,219
4294967278,219
4294967278,217
129,5
4294967278,214
4294967278,213
129,4
4294967279,213
129,3
129,2
129,1
4294967279,319
4294967278,212
4294967294,387
4294967279,209
4294967278,210
4294967278,391
4294967278,209
128,5
4294967279,208
128,4
4294967278,206
128,3
128,2
128,1
4294967278,205
4294967279,313
4294967278,319
4294967279,312
4294967278,318
4294967278,200
4294967279,200
4294967279,199
4294967278,196
127,5
127,4
4294967278,197
127,3
127,2
127,1
4294967278,323
4294967278,194
4294967278,193
126,4
4294967279,193
126,3
126,2
126,1
4294967278,192
4294967279,192
4294967278,191
4294967279,189
4294967278,190
4294967279,306
4294967278,189
4294967279,188
4294967278,187
4294967279,187
4294967278,186
4294967294,1091
4294967278,185
4294967278,184
4294967279,183
124,4
4294967279,182
124,3
124,2
124,1
4294967278,181
4294967279,302
4294967294,189
4294967294,119
4294967294,451
4294967294,408
4294967294,402
4294967278,348
4294967279,300
4294967278,347
4294967279,299
4294967279,563
4294967278,305
4294967278,167
4294967278,166
4294967279,165
4294967279,164
4294967278,346
4294967278,260
4294967279,251
4294967279,575
4294967279,72
4294967279,553
4294967279,70
4294967279,301
4294967279,65
4294967279,63
4294967279,62
4294967279,573
4294967279,57
4294967279,297
4294967279,56
4294967279,296
4294967279,54
4294967279,291
4294967279,49
4294967279,43
4294967279,162
4294967279,328
4294967279,157
4294967279,561
4294967279,153
4294967279,552
4294967279,152
123,6
4294967278,152
123,5
4294967279,151
123,4
123,3
123,2
123,1
4294967278,372
4294967279,150
4294967279,147
4294967279,146
4294967294,1095
4294967279,145
4294967279,572
4294967278,138
4294967279,528
4294967278,277
4294967279,136
4294967279,23
4294967278,276
4294967294,1088
4294967294,163
4294967294,1011
4294967294,170
4294967294,176
4294967279,269
4294967278,284
4294967279,284
4294967278,286
4294967278,273
120,5
120,4
120,3
120,2
120,1
4294967278,267
4294967278,281
4294967278,280
4294967279,526
4294967278,263
4294967278,262
4294967278,357
118,6
118,5
118,4
118,3
118,2
118,1
4294967279,568
4294967279,281
4294967279,515
4294967294,1421
4294967278,327
4294967279,567
4294967279,250
4294967279,246
4294967279,241
4294967278,239
4294967279,239
4294967278,238
4294967278,237
115,4
115,3
115,2
115,1
4294967278,231
4294967279,230
4294967278,229
4294967279,228
4294967278,227
4294967279,223
4294967279,224
4294967278,223
4294967279,221
4294967279,217
114,5
4294967279,215
114,4
114,3
114,2
114,1
4294967278,378
4294967279,543
4294967279,212
4294967278,211
4294967279,211
4294967279,210
4294967279,207
4294967294,392
4294967278,353
112,6
4294967294,1423
4294967294,1422
4294967279,206
4294967279,315
4294967278,321
4294967278,320
4294967279,205
112,5
4294967294,1093
4294967294,998
4294967294,1008
4294967279,203
112,4
4294967279,202
112,3
112,2
